0,100,0
1,10.006355023849705,0
2,7.2351858830142799,0
3,8.7457908326015197,0
4,7.6450665470403472,0
5,8.4863557736300343,0
6,7.7928527868238548,0
7,8.3756564650392971,0
8,7.8686544360406421,0
9,8.3144359471859506,0
10,7.9147013901600554,0
11,8.2756130483331845,0
12,7.9456225671555964,0
13,8.2488066412145056,0
14,7.9678140921934864,0
15,8.2291888161291737,0
16,7.9845133835627058,0
17,8.214211278386216,0
18,7.9975338996566201,0
19,8.2024024401862086,0
20,8.0079701880501943,0
21,8.1928532686504187,0
22,8.0165218980895325,0
23,8.1849719941080323,0
24,8.0236570911765668,0
25,8.1783568398612196,0
26,8.0297007163835747,0
27,8.1727254546738113,0
28,8.0348854120612554,0
29,8.1678736171473574,0
30,8.039382105678472,0
31,8.1636499643222589,0
32,8.0433192002199867,0
33,8.1599399318584354,0
34,8.0467950223956652,0
35,8.1566552133380696,0
36,8.0498861404806217,0
37,8.1537266460035536,0
38,8.0526530667070233,10000
39,8.1510992903843764,0
40,8.0551442557999966,0
41,8.1487289531675291,0
42,8.0573989653772315,0
43,8.1465796824844325,0
44,8.0594493390186344,0
45,8.1446219324961024,0
46,8.0613219477552391,0
47,8.1428311975348731,0
48,8.0630389474196864,0
49,8.1411869813974889,0
50,8.0646189590781212,0
55,8.1369732887236523,0
60,8.0709425499460394,0
65,8.1316822046983788,0
70,8.0754628465433154,0
75,8.1278042512428161,10000
80,8.0788549372183347,0
85,8.1248400101218738,0
90,8.0814943298891748,0
95,8.1225005917478583,0
100,8.0836065334826692,10000
125,8.1177303057056189,0
150,8.0899467959309526,0
175,8.1134168129557072,10000
200,8.0931189661937442,10000
225,8.1110214545109791,10000
250,8.0950229161142477,20000
275,8.109497519425819,10000
300,8.0962924848642448,30000
325,8.108442662969928,20000
350,8.0971994509961185,30000
375,8.1076691930560809,30000
400,8.0978797472774122,40000
425,8.1070777683862065,40000
450,8.0984089090212095,40000
475,8.1066108862419188,60000
500,8.0988322651149378,60000
525,8.1062329547751517,60000
550,8.0991786650117117,80000
575,8.1059207645314419,70000
600,8.0994673437033793,90000
625,8.1056585345327168,90000
650,8.099711618883255,90000
675,8.1054351604818589,110000
700,8.0999210038861058,110000
725,8.1052426018658519,130000
750,8.1001024755622328,130000
775,8.1050748934653729,150000
800,8.1002612668451448,150000
825,8.1049275163827197,160000
850,8.1004013795646728,170000
875,8.1047969847573675,180000
900,8.1005259263768572,200000
925,8.1046805665344941,190000
950,8.1006373647259817,220000
975,8.1045760901473756,230000
1000,8.1007376606341914,230000
1100,8.1009109021586561,280000
1200,8.1010552731064251,340000
1300,8.101177435293609,400000
1400,8.101282147290565,450000
1500,8.1013728988569884,540000
1600,8.1014523073644469,630000
1700,8.101522374388928,690000
1800,8.1015846567300098,790000
1900,8.1016403834565782,850000
2000,8.1016905378761006,940000
3000,8.1020081901571004,2150000
4000,8.1021670212542176,3940000
5000,8.1022623215228773,6230000
